# Created by Octave 4.0.1, Tue Apr 26 02:11:26 2016 BRT <gustavo@gustavo-desktop>
# name: max_fitness
# type: matrix
# rows: 1
# columns: 20
 -0.2702702702702702 -0.2702702702702702 -0.2702702702702702 3.333333333333333 3.333333333333333 3.333333333333333 3.333333333333333 3.333333333333333 3.333333333333333 3.333333333333333 3.333333333333333 3.333333333333333 3.333333333333333 3.333333333333333 3.333333333333333 3.333333333333333 3.333333333333333 3.333333333333333 3.333333333333333 3.333333333333333


# name: media_fitness
# type: matrix
# rows: 1
# columns: 20
 -1.081081081081081 -1.138996138996139 -1.312741312741312 -1.132561132561132 -0.8944658944658943 -0.8944658944658943 -0.7142857142857142 0.1093951093951095 0.6499356499356501 2.142857142857143 1.486486486486486 1.306306306306306 1.486486486486487 1.544401544401544 2.438867438867439 2.972972972972974 3.153153153153154 3.095238095238096 3.095238095238096 2.258687258687259


# name: min_fitness
# type: matrix
# rows: 1
# columns: 20
 -1.428571428571429 -1.428571428571429 -1.428571428571429 -1.428571428571429 -1.428571428571429 -1.428571428571429 -1.428571428571429 -1.428571428571429 -1.428571428571429 -1.428571428571429 -1.428571428571429 -1.428571428571429 -1.428571428571429 -1.428571428571429 -1.428571428571429 -0.2702702702702702 -0.2702702702702702 -1.428571428571429 -1.428571428571429 -1.428571428571429


# name: cont_ger
# type: matrix
# rows: 1
# columns: 5
 1 1 1 1 4


